[
[0.2123,-0.1325,0,3.1791,0.8291,0.8999,-2.0154,0,-0.1878,0.8509,-0.2919,0,0.4459,-0.4050,-0.3544],
[-0.0515,-0.0950,0,-0.0179,5.0156,-1.3988,0.4480,0,2.5442,-0.1497,-0.1126,0,-0.4488,1.8641,-1.6743],
[0.1667,0.0212,0,-0.2248,0.1120,-0.0792,-0.2211,0,3.5867,0.01337,-0.0107,0,0.1835,-0.0585,-0.0142],
[],
[0.0053,-0.0011,0,0.0025,-2.0844,-2.0810,-17.6993,0,-0.1049,2.0768,-0.0013,0,0.0039,-0.0010,-0.0011],
[-0.2633,-0.0935,0,0.0969,-1.130,3.4376,0.1099,0,0.9892,0.0213,-0.0398,0,0.2314,-0.2101,-0.1295],
[1.5649,-0.0259,0,1.9308,0.8361,0.8819,-1.4223,0,-0.3360,0.9750,-0.2082,0,-1.9886,-0.4272,-0.3181],
[-0.0185,0.0786,0,0.0035,7.7841,-0.2262,0.0200,0,7.3051,3.5128,0.1788,0,0.2989,-0.6933,0.0040],
[-0.0149,-0.0704,0,3.2834,0,0,0.2882,0,-0.9330,0.0067,0.0515,0,1.1555,0,-0.0700],
[0.9618,-0.0976,0,2.9777,0.8251,0.8906,-2.1902,0,-0.1560,0.8370,-0.3018,0,0.7765,-0.4133,-0.3661]
]