[
[0.2814,-0.1347,0,3.1742,0.8279,0.8983,-2.0072,0,-0.1863,0.8500,-0.2921,0,0.4535,-0.4014,-0.3528],
[],
[2.6568,-0.2631,0,1.4612,0.8895,0.9783,-1.9362,0,-0.2805,0.9556,-0.3616,0,0.7206,-0.4047,-0.4272],
[],
[0.6254,-0.2753,0,-2.4906,-0.9268,0.8728,1.4275,0,-0.5098,-0.9180,0.3256,0,-1.7860,0.0256,0.5562,],
[3.0706,-0.3722,0,0.5250,0.8301,0.9526,-1.0841,0,-0.2264,0.9233,-0.3378,0,0.4564,-0.4450,-0.3687],
[2.7677,-0.3009,0,1.2260,0.8872,0.9828,-1.8513,0,-0.2979,0.9605,-0.3839,0,0.6970,-0.3977,-0.4354],
[1.9270,-0.2843,0,2.3976,0.8553,0.9568,-1.7661,0,-0.2603,0.9065,-0.4071,0,0.6265,-0.3917,-0.4564],
[3.1128,-0.0124,0,0.7908,0,0,1.2352,0,-0.0003,-0.0027,-0.0003,0,1.6378,0,-0.0456],
[0.0136,-0.1441,0,0.0170,-1.2083,1.0123,-0.3838,0,-2.2760,-1.1938,-0.2350,0,0.0351,1.7315,-0.9129]
]